#Species name here:
Model_1_goa_nr_2020.dat
#SSL Species?
0
#Constant buffer of Dorn?
0
#Number of fisheries?
1
#Number of sexes?
1
#5year_Average_F(endyr-4,endyr_as_estimated_by_ADmodel)
0.0216928
#_Author_F_as_fraction_F_40%
1
#ABC SPR
0.4
#MSY SPR
0.35
#_Spawn_month
5
#_Number_of_ages
50
#_F_ratio(must_sum_to_one_only_one_fishery)
1
#_Natural_Mortality 2 3 4 5 6 7 8 9 10 11 12 13 14 15 16 17 18 19 20 21 22 23 24 25 26 27 28 29 30 31 32 33 34 35 36 37 38 39 40 41 42 43 44 45 46 47 48 49 50 51
 0.0597532 0.0597532 0.0597532 0.0597532 0.0597532 0.0597532 0.0597532 0.0597532 0.0597532 0.0597532 0.0597532 0.0597532 0.0597532 0.0597532 0.0597532 0.0597532 0.0597532 0.0597532 0.0597532 0.0597532 0.0597532 0.0597532 0.0597532 0.0597532 0.0597532 0.0597532 0.0597532 0.0597532 0.0597532 0.0597532 0.0597532 0.0597532 0.0597532 0.0597532 0.0597532 0.0597532 0.0597532 0.0597532 0.0597532 0.0597532 0.0597532 0.0597532 0.0597532 0.0597532 0.0597532 0.0597532 0.0597532 0.0597532 0.0597532 0.0597532
#_Maturity_divided_by_2(projection_program_uses_to_get_female_spawning_biomass_if_divide_by_2 2 3 4 5 6 7 8 9 10 11 12 13 14 15 16 17 18 19 20 21 22 23 24 25 26 27 28 29 30 31 32 33 34 35 36 37 38 39 40 41 42 43 44 45 46 47 48 49 50 51
 0.0037307 0.00711442 0.0135255 0.025565 0.0478021 0.0876418 0.155271 0.260203 0.402277 0.562901 0.711334 0.825029 0.900225 0.945249 0.970619 0.984427 0.9918 0.995698 0.997747 0.998821 0.999384 0.999678 0.999832 0.999912 0.999954 0.999976 0.999987 0.999993 0.999997 0.999998 0.999999 1 1 1 1 1 1 1 1 1 1 1 1 1 1 1 1 1 1 1
#_Wt_at_age_spawners 2 3 4 5 6 7 8 9 10 11 12 13 14 15 16 17 18 19 20 21 22 23 24 25 26 27 28 29 30 31 32 33 34 35 36 37 38 39 40 41 42 43 44 45 46 47 48 49 50 51
 27.7 73.8 138.4 215.1 297.6 380.9 461.4 536.8 605.8 667.7 722.5 770.6 812.3 848.3 879.1 905.4 927.8 946.8 962.8 976.3 987.7 997.3 1005.3 1012.1 1017.7 1022.5 1026.4 1029.8 1032.5 1034.9 1036.8 1038.4 1039.8 1040.9 1041.9 1042.7 1043.3 1043.9 1044.3 1044.7 1045 1045.3 1045.5 1045.7 1045.9 1046 1046.1 1046.2 1046.3 1046.5
#_Wt_at_age_fishery 2 3 4 5 6 7 8 9 10 11 12 13 14 15 16 17 18 19 20 21 22 23 24 25 26 27 28 29 30 31 32 33 34 35 36 37 38 39 40 41 42 43 44 45 46 47 48 49 50 51
 27.7 73.8 138.4 215.1 297.6 380.9 461.4 536.8 605.8 667.7 722.5 770.6 812.3 848.3 879.1 905.4 927.8 946.8 962.8 976.3 987.7 997.3 1005.3 1012.1 1017.7 1022.5 1026.4 1029.8 1032.5 1034.9 1036.8 1038.4 1039.8 1040.9 1041.9 1042.7 1043.3 1043.9 1044.3 1044.7 1045 1045.3 1045.5 1045.7 1045.9 1046 1046.1 1046.2 1046.3 1046.5
#_Selectivity_fishery_scaled_to_max_at_one 2 3 4 5 6 7 8 9 10 11 12 13 14 15 16 17 18 19 20 21 22 23 24 25 26 27 28 29 30 31 32 33 34 35 36 37 38 39 40 41 42 43 44 45 46 47 48 49 50 51
 6.42332e-05 0.000302007 0.0014187 0.00663706 0.0304643 0.128746 0.410009 0.765709 0.938912 0.986354 0.997067 0.999375 0.999867 0.999972 0.999994 0.999999 1 1 1 1 1 1 1 1 1 1 1 1 1 1 1 1 1 1 1 1 1 1 1 1 1 1 1 1 1 1 1 1 1 1
#_Numbers_at_age_end_year 2 3 4 5 6 7 8 9 10 11 12 13 14 15 16 17 18 19 20 21 22 23 24 25 26 27 28 29 30 31 32 33 34 35 36 37 38 39 40 41 42 43 44 45 46 47 48 49 50 51
 11.4451 9.89775 9.05193 7.25526 7.3565 5.29519 4.2955 3.32124 3.78171 3.43482 4.11677 3.76441 2.52587 2.4451 1.37365 1.22144 2.35957 4.66429 3.47947 4.3325 10.0829 5.37629 4.41223 6.69809 9.28099 1.55099 1.96956 1.89917 2.57864 1.12838 2.48459 1.95316 1.30927 2.49978 4.71389 1.26004 2.74833 1.83291 1.47065 0.78762 0.994158 2.05528 2.34029 1.25943 0.461254 0.707584 0.370714 0.541058 1.30716 2.41585
#_N_recruitment_years
40
#_Recruitment_start_at_1977_yearclass=1979_for_age_2_recruits 1979 1980 1981 1982 1983 1984 1985 1986 1987 1988 1989 1990 1991 1992 1993 1994 1995 1996 1997 1998 1999 2000 2001 2002 2003 2004 2005 2006 2007 2008 2009 2010 2011 2012 2013 2014 2015 2016 2017 2018
 50.5584 22.937 17.043 29.7801 34.6263 48.2092 20.3508 69.5396 33.6478 16.1075 22.0157 25.7832 10.8198 22.8425 15.503 14.8195 10.773 59.4511 39.4465 23.8499 26.6803 45.9628 18.1637 13.4332 16.5916 7.73281 3.68328 3.79874 6.18481 5.84382 7.97814 8.01646 6.17061 6.28106 5.11226 6.17135 7.14532 9.34452 8.68005 10.2011
#_Spawners per recruitment (starting at 1977)
 20.394 22.6723 25.6297 29.1274 32.9275 36.5364 39.0708 41.7771 45.9203 50.9408 56.3428 61.6492 66.3306 70.4113 74.1983 76.7829 78.0344 80.4614 82.0675 83.1434 84.4094 85.0792 85.0677 83.5482 82.7871 82.1903 81.8774 81.3361 81.5955 82.3143 82.8495 83.4503 83.6032 83.0887 81.7779 79.8784 76.5259 72.7746 69.0437 65.3956 62.0438 59.5544
